#This summary information was generated by BeamDyn

# --- Main parameters
Mass:     48024.533 # (kg)
Length:        96.803 # (m)
CG: [      -3.36772E-01,       4.11574E-01,       2.73257E+01] # Blade center of mass (IEC coords) (m) from blade root
JRoot: # 3 x 3 Blade mass moment of inertia at blade root. NOTE: from mass distribution only, missing some important inertial contributions (see PR#1337)
  - [       6.16494E+07,       2.19425E+03,       1.08850E+06]
  - [       2.19425E+03,       6.16639E+07,      -4.97940E+05]
  - [       1.08850E+06,      -4.97940E+05,       4.38892E+04]
GlbPos: [      -1.02617E+01,       4.39799E-16,       1.20339E+02] # Global position vector (IEC coords) of blade root at Initialization
GlbRot: # 3 x 3 Global rotation tensor (IEC coords) at Initialization
  - [      -4.36049E-08,       9.97564E-01,      -6.97565E-02]
  - [      -1.00000E+00,      -4.37114E-08,       1.73950E-16]
  - [      -3.04915E-09,       6.97565E-02,       9.97564E-01]
RootOri: # 3 x 3 Initial blade orientation tensor (relative to global rotation tensor)
  - [      -4.36049E-08,      -1.00000E+00,      -3.04915E-09]
  - [       9.97564E-01,      -4.37114E-08,       6.97565E-02]
  - [      -6.97565E-02,       1.83250E-16,       9.97564E-01]
GlbCrv: [       5.78380E-02,      -5.78380E-02,      -1.65626E+00] # Global rotation WM parameters (IEC coords) at Initialization
Gravity: [       0.00000E+00,       0.00000E+00,      -0.00000E+00] # Gravity vector (m/s^2) (IEC coords)
Analysis_type:                      "DYNAMIC with quasi-steady-state start"
Rhoinf:     0.00000E+00 # Numerical damping parameter
dt:     1.00000E-03 # Time increment
niter:              10 # Maximum number of iterations in Newton-Raphson solution
tol:     1.00000E-05 # Convergence parameter
n_fact:               5 # Factorization frequency in Newton-Raphson solution
Quadrature_method:                                            Trapezoidal
FE_mesh_refinement_factor:                                              2
Number_of_elements:                                                     1
Number_of_nodes:                                                       11

# --- Initial values and conditions
# Initial position and Weiner-Milenkovic rotation vectors of nodes (IEC coordinate system)
#              X                  Y                  Z                WM_x               WM_y               WM_z       
#      -----------------  -----------------  -----------------  -----------------  -----------------  -----------------
# Element number:    1
Init_Nodes_E1: # 11 x 6
  - [       0.00000E+00,       0.00000E+00,       0.00000E+00,       1.77256E-02,       9.25083E-03,      -2.53469E-01]
  - [       1.48189E-02,       2.14000E-02,       3.17453E+00,      -2.83248E-02,      -8.12897E-04,      -2.47606E-01]
  - [       1.16246E-02,       3.97245E-01,       1.03663E+01,      -6.26338E-02,      -9.53942E-03,      -2.10940E-01]
  - [      -4.46924E-02,       9.19185E-01,       2.09122E+01,      -2.63053E-02,      -9.53410E-03,      -1.40712E-01]
  - [      -1.88100E-01,       8.62556E-01,       3.38740E+01,       3.04762E-02,      -1.38614E-02,      -7.49839E-02]
  - [      -4.79796E-01,       3.19574E-01,       4.81000E+01,       3.67247E-02,      -2.60833E-02,      -3.34425E-02]
  - [      -9.86770E-01,       1.59343E-04,       6.23260E+01,       7.67641E-03,      -4.73254E-02,       4.63617E-03]
  - [      -1.86571E+00,      -6.62226E-03,       7.52878E+01,      -3.96586E-03,      -9.60651E-02,       4.54315E-02]
  - [      -3.32461E+00,      -2.44881E-02,       8.58337E+01,      -7.17114E-04,      -1.90349E-01,       5.82660E-02]
  - [      -5.10445E+00,      -3.81860E-02,       9.30255E+01,      -1.00286E-02,      -3.02781E-01,       2.85127E-02]
  - [      -6.20622E+00,       5.15060E-03,       9.62000E+01,      -2.16344E-02,      -3.68197E-01,      -3.35906E-03]

# Quadrature points position and rotation vectors
#              X                  Y                  Z                WM_x               WM_y               WM_z       
#      -----------------  -----------------  -----------------  -----------------  -----------------  -----------------
# Element number:    1
Init_QP_E1: # 37 x 6
  - [       0.00000E+00,       0.00000E+00,       0.00000E+00,       1.77256E-02,       9.25083E-03,      -2.53469E-01]
  - [       3.16400E-03,      -6.89932E-03,       4.84175E-01,       9.09706E-03,       7.38993E-03,      -2.53178E-01]
  - [       5.97541E-03,      -9.71029E-03,       9.68349E-01,       1.08084E-03,       5.65167E-03,      -2.52652E-01]
  - [       1.06131E-02,      -4.23257E-03,       1.93631E+00,      -1.32021E-02,       2.53099E-03,      -2.50944E-01]
  - [       1.40545E-02,       1.42149E-02,       2.90428E+00,      -2.53096E-02,      -1.42098E-04,      -2.48437E-01]
  - [       1.64227E-02,       4.35634E-02,       3.87157E+00,      -3.54056E-02,      -2.39915E-03,      -2.45221E-01]
  - [       1.78308E-02,       8.19396E-02,       4.83886E+00,      -4.36605E-02,      -4.27744E-03,      -2.41377E-01]
  - [       1.77646E-02,       2.06274E-01,       7.25526E+00,      -5.72219E-02,      -7.55485E-03,      -2.29532E-01]
  - [       1.35012E-02,       3.53402E-01,       9.67166E+00,      -6.24133E-02,      -9.26326E-03,      -2.15327E-01]
  - [       5.88078E-03,       5.05075E-01,       1.20860E+01,      -6.11567E-02,      -9.92391E-03,      -1.99689E-01]
  - [      -4.58029E-03,       6.47752E-01,       1.45003E+01,      -5.51330E-02,      -9.98025E-03,      -1.83354E-01]
  - [      -1.76221E-02,       7.71699E-01,       1.69164E+01,      -4.57876E-02,      -9.78054E-03,      -1.66912E-01]
  - [      -3.31590E-02,       8.70294E-01,       1.93324E+01,      -3.43735E-02,      -9.58034E-03,      -1.50844E-01]
  - [      -5.12814E-02,       9.39923E-01,       2.17519E+01,      -2.19302E-02,      -9.55082E-03,      -1.35479E-01]
  - [      -7.21316E-02,       9.79083E-01,       2.41714E+01,      -9.35312E-03,      -9.79260E-03,      -1.21084E-01]
  - [      -1.09026E-01,       9.82397E-01,       2.78006E+01,       8.25462E-03,      -1.07500E-02,      -1.01618E-01]
  - [      -1.53461E-01,       9.26813E-01,       3.14298E+01,       2.28659E-02,      -1.24048E-02,      -8.48350E-02]
  - [      -2.06331E-01,       8.25322E-01,       3.50574E+01,       3.34509E-02,      -1.46515E-02,      -7.06009E-02]
  - [      -2.68530E-01,       6.93385E-01,       3.86851E+01,       3.96048E-02,      -1.73644E-02,      -5.85383E-02]
  - [      -3.40900E-01,       5.47012E-01,       4.23124E+01,       4.14261E-02,      -2.04478E-02,      -4.81265E-02]
  - [      -4.24361E-01,       4.01056E-01,       4.59396E+01,       3.94190E-02,      -2.38690E-02,      -3.87669E-02]
  - [      -5.20073E-01,       2.67963E-01,       4.95672E+01,       3.43844E-02,      -2.76769E-02,      -2.98553E-02]
  - [      -6.29672E-01,       1.56898E-01,       5.31948E+01,       2.73169E-02,      -3.20152E-02,      -2.08483E-02]
  - [      -7.55611E-01,       7.31805E-02,       5.68218E+01,       1.93000E-02,      -3.71383E-02,      -1.13217E-02]
  - [      -9.01615E-01,       1.80999E-02,       6.04488E+01,       1.13995E-02,      -4.34340E-02,      -1.02062E-03]
  - [      -1.07301E+00,      -1.08080E-02,       6.40733E+01,       4.56785E-03,      -5.14411E-02,       1.00817E-02]
  - [      -1.27763E+00,      -1.92543E-02,       6.76978E+01,      -4.75450E-04,      -6.18914E-02,       2.17677E-02]
  - [      -1.52573E+00,      -1.51481E-02,       7.13159E+01,      -3.32410E-03,      -7.56892E-02,       3.34973E-02]
  - [      -1.83198E+00,      -7.27777E-03,       7.49340E+01,      -4.00166E-03,      -9.39862E-02,       4.44451E-02]
  - [      -2.21352E+00,      -3.61730E-03,       7.85378E+01,      -3.01879E-03,      -1.17999E-01,       5.33697E-02]
  - [      -2.69535E+00,      -9.23056E-03,       8.21415E+01,      -1.40887E-03,      -1.49245E-01,       5.87081E-02]
  - [      -3.30091E+00,      -2.38841E-02,       8.57100E+01,      -7.03639E-04,      -1.88807E-01,       5.84061E-02]
  - [      -4.07071E+00,      -3.99220E-02,       8.92785E+01,      -2.75472E-03,      -2.38410E-01,       4.99229E-02]
  - [      -4.74819E+00,      -4.26498E-02,       9.18373E+01,      -7.03003E-03,      -2.80920E-01,       3.69632E-02]
  - [      -5.55194E+00,      -2.61249E-02,       9.43961E+01,      -1.43784E-02,      -3.29747E-01,       1.65372E-02]
  - [      -5.86937E+00,      -1.30103E-02,       9.52980E+01,      -1.77859E-02,      -3.48544E-01,       7.21586E-03]
  - [      -6.20622E+00,       5.15060E-03,       9.62000E+01,      -2.16344E-02,      -3.68197E-01,      -3.35906E-03]

# Sectional stiffness and mass matrices at quadrature points (in IEC coordinates)
# Quadrature point number:    1
Init_K_QP1: # 6 x 6
  - [    3.59317E+09,   -2.72790E+02,    0.00000E+00,    0.00000E+00,    0.00000E+00,   -4.90592E+07]
  - [   -2.72790E+02,    3.58170E+09,    0.00000E+00,    0.00000E+00,    0.00000E+00,   -2.96526E+03]
  - [    0.00000E+00,    0.00000E+00,    4.67318E+10,    6.58394E+08,    2.68668E+04,    0.00000E+00]
  - [    0.00000E+00,    0.00000E+00,    6.58394E+08,    1.20030E+11,   -3.70109E+04,    0.00000E+00]
  - [    0.00000E+00,    0.00000E+00,    2.68668E+04,   -3.70109E+04,    1.18448E+11,    0.00000E+00]
  - [   -4.90592E+07,   -2.96526E+03,    0.00000E+00,    0.00000E+00,    0.00000E+00,    3.65868E+10]
Init_M_QP1: # 6 x 6
  - [    2.33341E+03,    0.00000E+00,    0.00000E+00,    0.00000E+00,    0.00000E+00,   -3.05123E+01]
  - [    0.00000E+00,    2.33341E+03,    0.00000E+00,    0.00000E+00,    0.00000E+00,   -1.34560E-03]
  - [    0.00000E+00,    0.00000E+00,    2.33341E+03,    3.05123E+01,    1.34560E-03,    0.00000E+00]
  - [    0.00000E+00,    0.00000E+00,    3.05123E+01,    5.99083E+03,   -1.72284E-03,    0.00000E+00]
  - [    0.00000E+00,    0.00000E+00,    1.34560E-03,   -1.72284E-03,    5.91723E+03,    0.00000E+00]
  - [   -3.05123E+01,   -1.34560E-03,    0.00000E+00,    0.00000E+00,    0.00000E+00,    1.19081E+04]
# Quadrature point number:    2
Init_K_QP2: # 6 x 6
  - [    3.57271E+09,   -1.46233E+04,    0.00000E+00,    0.00000E+00,    0.00000E+00,   -4.58262E+07]
  - [   -1.46233E+04,    3.56647E+09,    0.00000E+00,    0.00000E+00,    0.00000E+00,    4.47309E+05]
  - [    0.00000E+00,    0.00000E+00,    4.65324E+10,    6.55562E+08,   -2.06828E+06,    0.00000E+00]
  - [    0.00000E+00,    0.00000E+00,    6.55562E+08,    1.19418E+11,   -2.63378E+07,    0.00000E+00]
  - [    0.00000E+00,    0.00000E+00,   -2.06828E+06,   -2.63378E+07,    1.17706E+11,    0.00000E+00]
  - [   -4.58262E+07,    4.47309E+05,    0.00000E+00,    0.00000E+00,    0.00000E+00,    3.63521E+10]
Init_M_QP2: # 6 x 6
  - [    2.32301E+03,    0.00000E+00,    0.00000E+00,    0.00000E+00,    0.00000E+00,   -2.96801E+01]
  - [    0.00000E+00,    2.32301E+03,    0.00000E+00,    0.00000E+00,    0.00000E+00,    2.21745E-01]
  - [    0.00000E+00,    0.00000E+00,    2.32301E+03,    2.96801E+01,   -2.21745E-01,    0.00000E+00]
  - [    0.00000E+00,    0.00000E+00,    2.96801E+01,    5.95962E+03,   -1.26995E+00,    0.00000E+00]
  - [    0.00000E+00,    0.00000E+00,   -2.21745E-01,   -1.26995E+00,    5.87847E+03,    0.00000E+00]
  - [   -2.96801E+01,    2.21745E-01,    0.00000E+00,    0.00000E+00,    0.00000E+00,    1.18381E+04]
# Quadrature point number:    3
Init_K_QP3: # 6 x 6
  - [    3.55226E+09,   -2.89739E+04,    0.00000E+00,    0.00000E+00,    0.00000E+00,   -4.25933E+07]
  - [   -2.89739E+04,    3.55125E+09,    0.00000E+00,    0.00000E+00,    0.00000E+00,    8.97582E+05]
  - [    0.00000E+00,    0.00000E+00,    4.63331E+10,    6.52730E+08,   -4.16343E+06,    0.00000E+00]
  - [    0.00000E+00,    0.00000E+00,    6.52730E+08,    1.18806E+11,   -5.26386E+07,    0.00000E+00]
  - [    0.00000E+00,    0.00000E+00,   -4.16343E+06,   -5.26386E+07,    1.16963E+11,    0.00000E+00]
  - [   -4.25933E+07,    8.97582E+05,    0.00000E+00,    0.00000E+00,    0.00000E+00,    3.61173E+10]
Init_M_QP3: # 6 x 6
  - [    2.31262E+03,    0.00000E+00,    0.00000E+00,    0.00000E+00,    0.00000E+00,   -2.88479E+01]
  - [    0.00000E+00,    2.31262E+03,    0.00000E+00,    0.00000E+00,    0.00000E+00,    4.44836E-01]
  - [    0.00000E+00,    0.00000E+00,    2.31262E+03,    2.88479E+01,   -4.44836E-01,    0.00000E+00]
  - [    0.00000E+00,    0.00000E+00,    2.88479E+01,    5.92840E+03,   -2.53817E+00,    0.00000E+00]
  - [    0.00000E+00,    0.00000E+00,   -4.44836E-01,   -2.53817E+00,    5.83970E+03,    0.00000E+00]
  - [   -2.88479E+01,    4.44836E-01,    0.00000E+00,    0.00000E+00,    0.00000E+00,    1.17681E+04]
# Quadrature point number:    4
Init_K_QP4: # 6 x 6
  - [    2.83333E+09,    1.04321E+07,    0.00000E+00,    0.00000E+00,    0.00000E+00,   -1.39251E+08]
  - [    1.04321E+07,    2.75804E+09,    0.00000E+00,    0.00000E+00,    0.00000E+00,    1.08603E+07]
  - [    0.00000E+00,    0.00000E+00,    3.48109E+10,    1.41113E+09,   -2.26209E+07,    0.00000E+00]
  - [    0.00000E+00,    0.00000E+00,    1.41113E+09,    8.09633E+10,   -2.06601E+09,    0.00000E+00]
  - [    0.00000E+00,    0.00000E+00,   -2.26209E+07,   -2.06601E+09,    9.45295E+10,    0.00000E+00]
  - [   -1.39251E+08,    1.08603E+07,    0.00000E+00,    0.00000E+00,    0.00000E+00,    2.75302E+10]
Init_M_QP4: # 6 x 6
  - [    1.82141E+03,    0.00000E+00,    0.00000E+00,    0.00000E+00,    0.00000E+00,   -5.85305E+01]
  - [    0.00000E+00,    1.82141E+03,    0.00000E+00,    0.00000E+00,    0.00000E+00,    1.61485E+00]
  - [    0.00000E+00,    0.00000E+00,    1.82141E+03,    5.85305E+01,   -1.61485E+00,    0.00000E+00]
  - [    0.00000E+00,    0.00000E+00,    5.85305E+01,    4.21182E+03,   -9.92630E+01,    0.00000E+00]
  - [    0.00000E+00,    0.00000E+00,   -1.61485E+00,   -9.92630E+01,    4.86544E+03,    0.00000E+00]
  - [   -5.85305E+01,    1.61485E+00,    0.00000E+00,    0.00000E+00,    0.00000E+00,    9.07726E+03]
# Quadrature point number:    5
Init_K_QP5: # 6 x 6
  - [    2.11440E+09,    2.08931E+07,    0.00000E+00,    0.00000E+00,    0.00000E+00,   -2.35909E+08]
  - [    2.08931E+07,    1.96483E+09,    0.00000E+00,    0.00000E+00,    0.00000E+00,    2.08230E+07]
  - [    0.00000E+00,    0.00000E+00,    2.32886E+10,    2.16953E+09,   -4.10783E+07,    0.00000E+00]
  - [    0.00000E+00,    0.00000E+00,    2.16953E+09,    4.31204E+10,   -4.07938E+09,    0.00000E+00]
  - [    0.00000E+00,    0.00000E+00,   -4.10783E+07,   -4.07938E+09,    7.20961E+10,    0.00000E+00]
  - [   -2.35909E+08,    2.08230E+07,    0.00000E+00,    0.00000E+00,    0.00000E+00,    1.89431E+10]
Init_M_QP5: # 6 x 6
  - [    1.33020E+03,    0.00000E+00,    0.00000E+00,    0.00000E+00,    0.00000E+00,   -8.82131E+01]
  - [    0.00000E+00,    1.33020E+03,    0.00000E+00,    0.00000E+00,    0.00000E+00,    2.78487E+00]
  - [    0.00000E+00,    0.00000E+00,    1.33020E+03,    8.82131E+01,   -2.78487E+00,    0.00000E+00]
  - [    0.00000E+00,    0.00000E+00,    8.82131E+01,    2.49523E+03,   -1.95988E+02,    0.00000E+00]
  - [    0.00000E+00,    0.00000E+00,   -2.78487E+00,   -1.95988E+02,    3.89118E+03,    0.00000E+00]
  - [   -8.82131E+01,    2.78487E+00,    0.00000E+00,    0.00000E+00,    0.00000E+00,    6.38641E+03]
# Quadrature point number:    6
Init_K_QP6: # 6 x 6
  - [    2.08497E+09,    1.31828E+07,    0.00000E+00,    0.00000E+00,    0.00000E+00,   -1.71034E+08]
  - [    1.31828E+07,    1.99392E+09,    0.00000E+00,    0.00000E+00,    0.00000E+00,    3.42564E+07]
  - [    0.00000E+00,    0.00000E+00,    2.26445E+10,    1.80618E+09,   -1.11005E+08,    0.00000E+00]
  - [    0.00000E+00,    0.00000E+00,    1.80618E+09,    4.19649E+10,   -3.74622E+09,    0.00000E+00]
  - [    0.00000E+00,    0.00000E+00,   -1.11005E+08,   -3.74622E+09,    6.65099E+10,    0.00000E+00]
  - [   -1.71034E+08,    3.42564E+07,    0.00000E+00,    0.00000E+00,    0.00000E+00,    1.79984E+10]
Init_M_QP6: # 6 x 6
  - [    1.31564E+03,    0.00000E+00,    0.00000E+00,    0.00000E+00,    0.00000E+00,   -6.40799E+01]
  - [    0.00000E+00,    1.31564E+03,    0.00000E+00,    0.00000E+00,    0.00000E+00,    6.94397E+00]
  - [    0.00000E+00,    0.00000E+00,    1.31564E+03,    6.40799E+01,   -6.94397E+00,    0.00000E+00]
  - [    0.00000E+00,    0.00000E+00,    6.40799E+01,    2.43289E+03,   -1.81610E+02,    0.00000E+00]
  - [    0.00000E+00,    0.00000E+00,   -6.94397E+00,   -1.81610E+02,    3.62607E+03,    0.00000E+00]
  - [   -6.40799E+01,    6.94397E+00,    0.00000E+00,    0.00000E+00,    0.00000E+00,    6.05897E+03]
# Quadrature point number:    7
Init_K_QP7: # 6 x 6
  - [    2.05553E+09,    5.47249E+06,    0.00000E+00,    0.00000E+00,    0.00000E+00,   -1.06159E+08]
  - [    5.47249E+06,    2.02302E+09,    0.00000E+00,    0.00000E+00,    0.00000E+00,    4.76898E+07]
  - [    0.00000E+00,    0.00000E+00,    2.20003E+10,    1.44283E+09,   -1.80931E+08,    0.00000E+00]
  - [    0.00000E+00,    0.00000E+00,    1.44283E+09,    4.08095E+10,   -3.41307E+09,    0.00000E+00]
  - [    0.00000E+00,    0.00000E+00,   -1.80931E+08,   -3.41307E+09,    6.09236E+10,    0.00000E+00]
  - [   -1.06159E+08,    4.76898E+07,    0.00000E+00,    0.00000E+00,    0.00000E+00,    1.70536E+10]
Init_M_QP7: # 6 x 6
  - [    1.30107E+03,    0.00000E+00,    0.00000E+00,    0.00000E+00,    0.00000E+00,   -3.99467E+01]
  - [    0.00000E+00,    1.30107E+03,    0.00000E+00,    0.00000E+00,    0.00000E+00,    1.11031E+01]
  - [    0.00000E+00,    0.00000E+00,    1.30107E+03,    3.99467E+01,   -1.11031E+01,    0.00000E+00]
  - [    0.00000E+00,    0.00000E+00,    3.99467E+01,    2.37056E+03,   -1.67232E+02,    0.00000E+00]
  - [    0.00000E+00,    0.00000E+00,   -1.11031E+01,   -1.67232E+02,    3.36096E+03,    0.00000E+00]
  - [   -3.99467E+01,    1.11031E+01,    0.00000E+00,    0.00000E+00,    0.00000E+00,    5.73152E+03]
# Quadrature point number:    8
Init_K_QP8: # 6 x 6
  - [    1.67485E+09,    1.23103E+08,    0.00000E+00,    0.00000E+00,    0.00000E+00,    1.61967E+08]
  - [    1.23103E+08,    1.83735E+09,    0.00000E+00,    0.00000E+00,    0.00000E+00,    1.23257E+08]
  - [    0.00000E+00,    0.00000E+00,    1.98959E+10,   -3.47324E+08,   -4.10608E+08,    0.00000E+00]
  - [    0.00000E+00,    0.00000E+00,   -3.47324E+08,    3.65998E+10,   -2.74207E+09,    0.00000E+00]
  - [    0.00000E+00,    0.00000E+00,   -4.10608E+08,   -2.74207E+09,    4.49451E+10,    0.00000E+00]
  - [    1.61967E+08,    1.23257E+08,    0.00000E+00,    0.00000E+00,    0.00000E+00,    1.27759E+10]
Init_M_QP8: # 6 x 6
  - [    1.17522E+03,    0.00000E+00,    0.00000E+00,    0.00000E+00,    0.00000E+00,    5.01388E+01]
  - [    0.00000E+00,    1.17522E+03,    0.00000E+00,    0.00000E+00,    0.00000E+00,    2.49855E+01]
  - [    0.00000E+00,    0.00000E+00,    1.17522E+03,   -5.01388E+01,   -2.49855E+01,    0.00000E+00]
  - [    0.00000E+00,    0.00000E+00,   -5.01388E+01,    2.12239E+03,   -1.59471E+02,    0.00000E+00]
  - [    0.00000E+00,    0.00000E+00,   -2.49855E+01,   -1.59471E+02,    2.49244E+03,    0.00000E+00]
  - [    5.01388E+01,    2.49855E+01,    0.00000E+00,    0.00000E+00,    0.00000E+00,    4.61483E+03]
# Quadrature point number:    9
Init_K_QP9: # 6 x 6
  - [    1.29416E+09,    2.40734E+08,    0.00000E+00,    0.00000E+00,    0.00000E+00,    4.30092E+08]
  - [    2.40734E+08,    1.65168E+09,    0.00000E+00,    0.00000E+00,    0.00000E+00,    1.98824E+08]
  - [    0.00000E+00,    0.00000E+00,    1.77916E+10,   -2.13748E+09,   -6.40286E+08,    0.00000E+00]
  - [    0.00000E+00,    0.00000E+00,   -2.13748E+09,    3.23902E+10,   -2.07107E+09,    0.00000E+00]
  - [    0.00000E+00,    0.00000E+00,   -6.40286E+08,   -2.07107E+09,    2.89665E+10,    0.00000E+00]
  - [    4.30092E+08,    1.98824E+08,    0.00000E+00,    0.00000E+00,    0.00000E+00,    8.49818E+09]
Init_M_QP9: # 6 x 6
  - [    1.04938E+03,    0.00000E+00,    0.00000E+00,    0.00000E+00,    0.00000E+00,    1.40224E+02]
  - [    0.00000E+00,    1.04938E+03,    0.00000E+00,    0.00000E+00,    0.00000E+00,    3.88679E+01]
  - [    0.00000E+00,    0.00000E+00,    1.04938E+03,   -1.40224E+02,   -3.88679E+01,    0.00000E+00]
  - [    0.00000E+00,    0.00000E+00,   -1.40224E+02,    1.87423E+03,   -1.51710E+02,    0.00000E+00]
  - [    0.00000E+00,    0.00000E+00,   -3.88679E+01,   -1.51710E+02,    1.62391E+03,    0.00000E+00]
  - [    1.40224E+02,    3.88679E+01,    0.00000E+00,    0.00000E+00,    0.00000E+00,    3.49814E+03]
# Quadrature point number:   10
Init_K_QP10: # 6 x 6
  - [    9.83118E+08,    1.47682E+08,    0.00000E+00,    0.00000E+00,    0.00000E+00,    5.07273E+08]
  - [    1.47682E+08,    1.51051E+09,    0.00000E+00,    0.00000E+00,    0.00000E+00,    1.92538E+08]
  - [    0.00000E+00,    0.00000E+00,    1.66142E+10,   -3.54730E+09,   -6.79287E+08,    0.00000E+00]
  - [    0.00000E+00,    0.00000E+00,   -3.54730E+09,    3.25731E+10,   -1.57164E+09,    0.00000E+00]
  - [    0.00000E+00,    0.00000E+00,   -6.79287E+08,   -1.57164E+09,    2.17673E+10,    0.00000E+00]
  - [    5.07273E+08,    1.92538E+08,    0.00000E+00,    0.00000E+00,    0.00000E+00,    6.29383E+09]
Init_M_QP10: # 6 x 6
  - [    9.72947E+02,    0.00000E+00,    0.00000E+00,    0.00000E+00,    0.00000E+00,    2.09833E+02]
  - [    0.00000E+00,    9.72947E+02,    0.00000E+00,    0.00000E+00,    0.00000E+00,    4.18766E+01]
  - [    0.00000E+00,    0.00000E+00,    9.72947E+02,   -2.09833E+02,   -4.18766E+01,    0.00000E+00]
  - [    0.00000E+00,    0.00000E+00,   -2.09833E+02,    1.91209E+03,   -1.12034E+02,    0.00000E+00]
  - [    0.00000E+00,    0.00000E+00,   -4.18766E+01,   -1.12034E+02,    1.19344E+03,    0.00000E+00]
  - [    2.09833E+02,    4.18766E+01,    0.00000E+00,    0.00000E+00,    0.00000E+00,    3.10553E+03]
# Quadrature point number:   11
Init_K_QP11: # 6 x 6
  - [    6.72071E+08,    5.46295E+07,    0.00000E+00,    0.00000E+00,    0.00000E+00,    5.84454E+08]
  - [    5.46295E+07,    1.36934E+09,    0.00000E+00,    0.00000E+00,    0.00000E+00,    1.86252E+08]
  - [    0.00000E+00,    0.00000E+00,    1.54367E+10,   -4.95712E+09,   -7.18288E+08,    0.00000E+00]
  - [    0.00000E+00,    0.00000E+00,   -4.95712E+09,    3.27561E+10,   -1.07222E+09,    0.00000E+00]
  - [    0.00000E+00,    0.00000E+00,   -7.18288E+08,   -1.07222E+09,    1.45682E+10,    0.00000E+00]
  - [    5.84454E+08,    1.86252E+08,    0.00000E+00,    0.00000E+00,    0.00000E+00,    4.08947E+09]
Init_M_QP11: # 6 x 6
  - [    8.96519E+02,    0.00000E+00,    0.00000E+00,    0.00000E+00,    0.00000E+00,    2.79441E+02]
  - [    0.00000E+00,    8.96519E+02,    0.00000E+00,    0.00000E+00,    0.00000E+00,    4.48854E+01]
  - [    0.00000E+00,    0.00000E+00,    8.96519E+02,   -2.79441E+02,   -4.48854E+01,    0.00000E+00]
  - [    0.00000E+00,    0.00000E+00,   -2.79441E+02,    1.94995E+03,   -7.23579E+01,    0.00000E+00]
  - [    0.00000E+00,    0.00000E+00,   -4.48854E+01,   -7.23579E+01,    7.62974E+02,    0.00000E+00]
  - [    2.79441E+02,    4.48854E+01,    0.00000E+00,    0.00000E+00,    0.00000E+00,    2.71292E+03]
# Quadrature point number:   12
Init_K_QP12: # 6 x 6
  - [    5.94386E+08,    3.31195E+07,    0.00000E+00,    0.00000E+00,    0.00000E+00,    5.70169E+08]
  - [    3.31195E+07,    1.15860E+09,    0.00000E+00,    0.00000E+00,    0.00000E+00,    1.37627E+08]
  - [    0.00000E+00,    0.00000E+00,    1.42038E+10,   -5.52227E+09,   -6.14001E+08,    0.00000E+00]
  - [    0.00000E+00,    0.00000E+00,   -5.52227E+09,    3.27612E+10,   -6.93895E+08,    0.00000E+00]
  - [    0.00000E+00,    0.00000E+00,   -6.14001E+08,   -6.93895E+08,    1.19469E+10,    0.00000E+00]
  - [    5.70169E+08,    1.37627E+08,    0.00000E+00,    0.00000E+00,    0.00000E+00,    3.39280E+09]
Init_M_QP12: # 6 x 6
  - [    8.34915E+02,    0.00000E+00,    0.00000E+00,    0.00000E+00,    0.00000E+00,    3.05461E+02]
  - [    0.00000E+00,    8.34915E+02,    0.00000E+00,    0.00000E+00,    0.00000E+00,    3.91885E+01]
  - [    0.00000E+00,    0.00000E+00,    8.34915E+02,   -3.05461E+02,   -3.91885E+01,    0.00000E+00]
  - [    0.00000E+00,    0.00000E+00,   -3.05461E+02,    1.95372E+03,   -4.68459E+01,    0.00000E+00]
  - [    0.00000E+00,    0.00000E+00,   -3.91885E+01,   -4.68459E+01,    6.27178E+02,    0.00000E+00]
  - [    3.05461E+02,    3.91885E+01,    0.00000E+00,    0.00000E+00,    0.00000E+00,    2.58089E+03]
# Quadrature point number:   13
Init_K_QP13: # 6 x 6
  - [    5.16701E+08,    1.16096E+07,    0.00000E+00,    0.00000E+00,    0.00000E+00,    5.55884E+08]
  - [    1.16096E+07,    9.47862E+08,    0.00000E+00,    0.00000E+00,    0.00000E+00,    8.90018E+07]
  - [    0.00000E+00,    0.00000E+00,    1.29709E+10,   -6.08742E+09,   -5.09715E+08,    0.00000E+00]
  - [    0.00000E+00,    0.00000E+00,   -6.08742E+09,    3.27664E+10,   -3.15572E+08,    0.00000E+00]
  - [    0.00000E+00,    0.00000E+00,   -5.09715E+08,   -3.15572E+08,    9.32559E+09,    0.00000E+00]
  - [    5.55884E+08,    8.90018E+07,    0.00000E+00,    0.00000E+00,    0.00000E+00,    2.69613E+09]
Init_M_QP13: # 6 x 6
  - [    7.73312E+02,    0.00000E+00,    0.00000E+00,    0.00000E+00,    0.00000E+00,    3.31480E+02]
  - [    0.00000E+00,    7.73312E+02,    0.00000E+00,    0.00000E+00,    0.00000E+00,    3.34916E+01]
  - [    0.00000E+00,    0.00000E+00,    7.73312E+02,   -3.31480E+02,   -3.34916E+01,    0.00000E+00]
  - [    0.00000E+00,    0.00000E+00,   -3.31480E+02,    1.95749E+03,   -2.13339E+01,    0.00000E+00]
  - [    0.00000E+00,    0.00000E+00,   -3.34916E+01,   -2.13339E+01,    4.91381E+02,    0.00000E+00]
  - [    3.31480E+02,    3.34916E+01,    0.00000E+00,    0.00000E+00,    0.00000E+00,    2.44887E+03]
# Quadrature point number:   14
Init_K_QP14: # 6 x 6
  - [    4.86090E+08,    6.44977E+06,    0.00000E+00,    0.00000E+00,    0.00000E+00,    5.43767E+08]
  - [    6.44977E+06,    7.49215E+08,    0.00000E+00,    0.00000E+00,    0.00000E+00,    6.48029E+07]
  - [    0.00000E+00,    0.00000E+00,    1.18232E+10,   -6.04666E+09,   -3.74605E+08,    0.00000E+00]
  - [    0.00000E+00,    0.00000E+00,   -6.04666E+09,    3.00844E+10,   -2.06558E+08,    0.00000E+00]
  - [    0.00000E+00,    0.00000E+00,   -3.74605E+08,   -2.06558E+08,    8.11603E+09,    0.00000E+00]
  - [    5.43767E+08,    6.48029E+07,    0.00000E+00,    0.00000E+00,    0.00000E+00,    2.27686E+09]
Init_M_QP14: # 6 x 6
  - [    7.11437E+02,    0.00000E+00,    0.00000E+00,    0.00000E+00,    0.00000E+00,    3.31172E+02]
  - [    0.00000E+00,    7.11437E+02,    0.00000E+00,    0.00000E+00,    0.00000E+00,    2.58437E+01]
  - [    0.00000E+00,    0.00000E+00,    7.11437E+02,   -3.31172E+02,   -2.58437E+01,    0.00000E+00]
  - [    0.00000E+00,    0.00000E+00,   -3.31172E+02,    1.79719E+03,   -1.35156E+01,    0.00000E+00]
  - [    0.00000E+00,    0.00000E+00,   -2.58437E+01,   -1.35156E+01,    4.28533E+02,    0.00000E+00]
  - [    3.31172E+02,    2.58437E+01,    0.00000E+00,    0.00000E+00,    0.00000E+00,    2.22573E+03]
# Quadrature point number:   15
Init_K_QP15: # 6 x 6
  - [    4.55478E+08,    1.28997E+06,    0.00000E+00,    0.00000E+00,    0.00000E+00,    5.31651E+08]
  - [    1.28997E+06,    5.50568E+08,    0.00000E+00,    0.00000E+00,    0.00000E+00,    4.06040E+07]
  - [    0.00000E+00,    0.00000E+00,    1.06755E+10,   -6.00591E+09,   -2.39496E+08,    0.00000E+00]
  - [    0.00000E+00,    0.00000E+00,   -6.00591E+09,    2.74025E+10,   -9.75435E+07,    0.00000E+00]
  - [    0.00000E+00,    0.00000E+00,   -2.39496E+08,   -9.75435E+07,    6.90646E+09,    0.00000E+00]
  - [    5.31651E+08,    4.06040E+07,    0.00000E+00,    0.00000E+00,    0.00000E+00,    1.85758E+09]
Init_M_QP15: # 6 x 6
  - [    6.49562E+02,    0.00000E+00,    0.00000E+00,    0.00000E+00,    0.00000E+00,    3.30864E+02]
  - [    0.00000E+00,    6.49562E+02,    0.00000E+00,    0.00000E+00,    0.00000E+00,    1.81959E+01]
  - [    0.00000E+00,    0.00000E+00,    6.49562E+02,   -3.30864E+02,   -1.81959E+01,    0.00000E+00]
  - [    0.00000E+00,    0.00000E+00,   -3.30864E+02,    1.63690E+03,   -5.69743E+00,    0.00000E+00]
  - [    0.00000E+00,    0.00000E+00,   -1.81959E+01,   -5.69743E+00,    3.65684E+02,    0.00000E+00]
  - [    3.30864E+02,    1.81959E+01,    0.00000E+00,    0.00000E+00,    0.00000E+00,    2.00259E+03]
# Quadrature point number:   16
Init_K_QP16: # 6 x 6
  - [    4.39623E+08,    5.57862E+05,    0.00000E+00,    0.00000E+00,    0.00000E+00,    5.03009E+08]
  - [    5.57862E+05,    4.27407E+08,    0.00000E+00,    0.00000E+00,    0.00000E+00,    3.02804E+07]
  - [    0.00000E+00,    0.00000E+00,    9.76968E+09,   -5.63724E+09,   -1.89195E+08,    0.00000E+00]
  - [    0.00000E+00,    0.00000E+00,   -5.63724E+09,    2.32770E+10,   -1.55684E+07,    0.00000E+00]
  - [    0.00000E+00,    0.00000E+00,   -1.89195E+08,   -1.55684E+07,    5.92532E+09,    0.00000E+00]
  - [    5.03009E+08,    3.02804E+07,    0.00000E+00,    0.00000E+00,    0.00000E+00,    1.54531E+09]
Init_M_QP16: # 6 x 6
  - [    5.95495E+02,    0.00000E+00,    0.00000E+00,    0.00000E+00,    0.00000E+00,    3.11054E+02]
  - [    0.00000E+00,    5.95495E+02,    0.00000E+00,    0.00000E+00,    0.00000E+00,    1.49879E+01]
  - [    0.00000E+00,    0.00000E+00,    5.95495E+02,   -3.11054E+02,   -1.49879E+01,    0.00000E+00]
  - [    0.00000E+00,    0.00000E+00,   -3.11054E+02,    1.38528E+03,   -2.02298E-01,    0.00000E+00]
  - [    0.00000E+00,    0.00000E+00,   -1.49879E+01,   -2.02298E-01,    3.13470E+02,    0.00000E+00]
  - [    3.11054E+02,    1.49879E+01,    0.00000E+00,    0.00000E+00,    0.00000E+00,    1.69875E+03]
# Quadrature point number:   17
Init_K_QP17: # 6 x 6
  - [    4.23768E+08,   -1.74246E+05,    0.00000E+00,    0.00000E+00,    0.00000E+00,    4.74367E+08]
  - [   -1.74246E+05,    3.04246E+08,    0.00000E+00,    0.00000E+00,    0.00000E+00,    1.99568E+07]
  - [    0.00000E+00,    0.00000E+00,    8.86385E+09,   -5.26858E+09,   -1.38893E+08,    0.00000E+00]
  - [    0.00000E+00,    0.00000E+00,   -5.26858E+09,    1.91515E+10,    6.64066E+07,    0.00000E+00]
  - [    0.00000E+00,    0.00000E+00,   -1.38893E+08,    6.64066E+07,    4.94419E+09,    0.00000E+00]
  - [    4.74367E+08,    1.99568E+07,    0.00000E+00,    0.00000E+00,    0.00000E+00,    1.23304E+09]
Init_M_QP17: # 6 x 6
  - [    5.41427E+02,    0.00000E+00,    0.00000E+00,    0.00000E+00,    0.00000E+00,    2.91244E+02]
  - [    0.00000E+00,    5.41427E+02,    0.00000E+00,    0.00000E+00,    0.00000E+00,    1.17799E+01]
  - [    0.00000E+00,    0.00000E+00,    5.41427E+02,   -2.91244E+02,   -1.17799E+01,    0.00000E+00]
  - [    0.00000E+00,    0.00000E+00,   -2.91244E+02,    1.13365E+03,    5.29284E+00,    0.00000E+00]
  - [    0.00000E+00,    0.00000E+00,   -1.17799E+01,    5.29284E+00,    2.61256E+02,    0.00000E+00]
  - [    2.91244E+02,    1.17799E+01,    0.00000E+00,    0.00000E+00,    0.00000E+00,    1.39491E+03]
# Quadrature point number:   18
Init_K_QP18: # 6 x 6
  - [    4.00000E+08,    1.47366E+05,    0.00000E+00,    0.00000E+00,    0.00000E+00,    4.14475E+08]
  - [    1.47366E+05,    2.93310E+08,    0.00000E+00,    0.00000E+00,    0.00000E+00,    1.78978E+07]
  - [    0.00000E+00,    0.00000E+00,    8.43251E+09,   -4.75445E+09,   -1.19534E+08,    0.00000E+00]
  - [    0.00000E+00,    0.00000E+00,   -4.75445E+09,    1.59999E+10,    7.77343E+07,    0.00000E+00]
  - [    0.00000E+00,    0.00000E+00,   -1.19534E+08,    7.77343E+07,    4.17369E+09,    0.00000E+00]
  - [    4.14475E+08,    1.78978E+07,    0.00000E+00,    0.00000E+00,    0.00000E+00,    1.03251E+09]
Init_M_QP18: # 6 x 6
  - [    5.08551E+02,    0.00000E+00,    0.00000E+00,    0.00000E+00,    0.00000E+00,    2.59911E+02]
  - [    0.00000E+00,    5.08551E+02,    0.00000E+00,    0.00000E+00,    0.00000E+00,    1.01156E+01]
  - [    0.00000E+00,    0.00000E+00,    5.08551E+02,   -2.59911E+02,   -1.01156E+01,    0.00000E+00]
  - [    0.00000E+00,    0.00000E+00,   -2.59911E+02,    9.38717E+02,    5.81833E+00,    0.00000E+00]
  - [    0.00000E+00,    0.00000E+00,   -1.01156E+01,    5.81833E+00,    2.19252E+02,    0.00000E+00]
  - [    2.59911E+02,    1.01156E+01,    0.00000E+00,    0.00000E+00,    0.00000E+00,    1.15797E+03]
# Quadrature point number:   19
Init_K_QP19: # 6 x 6
  - [    3.76232E+08,    4.68978E+05,    0.00000E+00,    0.00000E+00,    0.00000E+00,    3.54583E+08]
  - [    4.68978E+05,    2.82374E+08,    0.00000E+00,    0.00000E+00,    0.00000E+00,    1.58390E+07]
  - [    0.00000E+00,    0.00000E+00,    8.00117E+09,   -4.24033E+09,   -1.00176E+08,    0.00000E+00]
  - [    0.00000E+00,    0.00000E+00,   -4.24033E+09,    1.28484E+10,    8.90620E+07,    0.00000E+00]
  - [    0.00000E+00,    0.00000E+00,   -1.00176E+08,    8.90620E+07,    3.40318E+09,    0.00000E+00]
  - [    3.54583E+08,    1.58390E+07,    0.00000E+00,    0.00000E+00,    0.00000E+00,    8.31983E+08]
Init_M_QP19: # 6 x 6
  - [    4.75675E+02,    0.00000E+00,    0.00000E+00,    0.00000E+00,    0.00000E+00,    2.28577E+02]
  - [    0.00000E+00,    4.75675E+02,    0.00000E+00,    0.00000E+00,    0.00000E+00,    8.45126E+00]
  - [    0.00000E+00,    0.00000E+00,    4.75675E+02,   -2.28577E+02,   -8.45126E+00,    0.00000E+00]
  - [    0.00000E+00,    0.00000E+00,   -2.28577E+02,    7.43782E+02,    6.34382E+00,    0.00000E+00]
  - [    0.00000E+00,    0.00000E+00,   -8.45126E+00,    6.34382E+00,    1.77248E+02,    0.00000E+00]
  - [    2.28577E+02,    8.45126E+00,    0.00000E+00,    0.00000E+00,    0.00000E+00,    9.21030E+02]
# Quadrature point number:   20
Init_K_QP20: # 6 x 6
  - [    3.36421E+08,    2.57920E+05,    0.00000E+00,    0.00000E+00,    0.00000E+00,    2.88121E+08]
  - [    2.57920E+05,    2.86364E+08,    0.00000E+00,    0.00000E+00,    0.00000E+00,    1.35788E+07]
  - [    0.00000E+00,    0.00000E+00,    7.58170E+09,   -3.70102E+09,   -7.56234E+07,    0.00000E+00]
  - [    0.00000E+00,    0.00000E+00,   -3.70102E+09,    1.03283E+10,    7.23370E+07,    0.00000E+00]
  - [    0.00000E+00,    0.00000E+00,   -7.56234E+07,    7.23370E+07,    2.70097E+09,    0.00000E+00]
  - [    2.88121E+08,    1.35788E+07,    0.00000E+00,    0.00000E+00,    0.00000E+00,    6.55370E+08]
Init_M_QP20: # 6 x 6
  - [    4.42931E+02,    0.00000E+00,    0.00000E+00,    0.00000E+00,    0.00000E+00,    1.97383E+02]
  - [    0.00000E+00,    4.42931E+02,    0.00000E+00,    0.00000E+00,    0.00000E+00,    6.53469E+00]
  - [    0.00000E+00,    0.00000E+00,    4.42931E+02,   -1.97383E+02,   -6.53469E+00,    0.00000E+00]
  - [    0.00000E+00,    0.00000E+00,   -1.97383E+02,    5.92556E+02,    5.12618E+00,    0.00000E+00]
  - [    0.00000E+00,    0.00000E+00,   -6.53469E+00,    5.12618E+00,    1.39658E+02,    0.00000E+00]
  - [    1.97383E+02,    6.53469E+00,    0.00000E+00,    0.00000E+00,    0.00000E+00,    7.32214E+02]
# Quadrature point number:   21
Init_K_QP21: # 6 x 6
  - [    2.96609E+08,    4.68608E+04,    0.00000E+00,    0.00000E+00,    0.00000E+00,    2.21659E+08]
  - [    4.68608E+04,    2.90354E+08,    0.00000E+00,    0.00000E+00,    0.00000E+00,    1.13186E+07]
  - [    0.00000E+00,    0.00000E+00,    7.16224E+09,   -3.16172E+09,   -5.10711E+07,    0.00000E+00]
  - [    0.00000E+00,    0.00000E+00,   -3.16172E+09,    7.80817E+09,    5.56121E+07,    0.00000E+00]
  - [    0.00000E+00,    0.00000E+00,   -5.10711E+07,    5.56121E+07,    1.99875E+09,    0.00000E+00]
  - [    2.21659E+08,    1.13186E+07,    0.00000E+00,    0.00000E+00,    0.00000E+00,    4.78758E+08]
Init_M_QP21: # 6 x 6
  - [    4.10187E+02,    0.00000E+00,    0.00000E+00,    0.00000E+00,    0.00000E+00,    1.66189E+02]
  - [    0.00000E+00,    4.10187E+02,    0.00000E+00,    0.00000E+00,    0.00000E+00,    4.61811E+00]
  - [    0.00000E+00,    0.00000E+00,    4.10187E+02,   -1.66189E+02,   -4.61811E+00,    0.00000E+00]
  - [    0.00000E+00,    0.00000E+00,   -1.66189E+02,    4.41330E+02,    3.90855E+00,    0.00000E+00]
  - [    0.00000E+00,    0.00000E+00,   -4.61811E+00,    3.90855E+00,    1.02069E+02,    0.00000E+00]
  - [    1.66189E+02,    4.61811E+00,    0.00000E+00,    0.00000E+00,    0.00000E+00,    5.43399E+02]
# Quadrature point number:   22
Init_K_QP22: # 6 x 6
  - [    2.56979E+08,   -4.55229E+05,    0.00000E+00,    0.00000E+00,    0.00000E+00,    1.75187E+08]
  - [   -4.55229E+05,    3.01422E+08,    0.00000E+00,    0.00000E+00,    0.00000E+00,    1.01677E+07]
  - [    0.00000E+00,    0.00000E+00,    6.72474E+09,   -2.73116E+09,   -5.21149E+07,    0.00000E+00]
  - [    0.00000E+00,    0.00000E+00,   -2.73116E+09,    6.15648E+09,    5.07530E+07,    0.00000E+00]
  - [    0.00000E+00,    0.00000E+00,   -5.21149E+07,    5.07530E+07,    1.51714E+09,    0.00000E+00]
  - [    1.75187E+08,    1.01677E+07,    0.00000E+00,    0.00000E+00,    0.00000E+00,    3.66513E+08]
Init_M_QP22: # 6 x 6
  - [    3.78060E+02,    0.00000E+00,    0.00000E+00,    0.00000E+00,    0.00000E+00,    1.42599E+02]
  - [    0.00000E+00,    3.78060E+02,    0.00000E+00,    0.00000E+00,    0.00000E+00,    4.26172E+00]
  - [    0.00000E+00,    0.00000E+00,    3.78060E+02,   -1.42599E+02,   -4.26172E+00,    0.00000E+00]
  - [    0.00000E+00,    0.00000E+00,   -1.42599E+02,    3.44072E+02,    3.40117E+00,    0.00000E+00]
  - [    0.00000E+00,    0.00000E+00,   -4.26172E+00,    3.40117E+00,    7.69582E+01,    0.00000E+00]
  - [    1.42599E+02,    4.26172E+00,    0.00000E+00,    0.00000E+00,    0.00000E+00,    4.21030E+02]
# Quadrature point number:   23
Init_K_QP23: # 6 x 6
  - [    2.17349E+08,   -9.57320E+05,    0.00000E+00,    0.00000E+00,    0.00000E+00,    1.28715E+08]
  - [   -9.57320E+05,    3.12490E+08,    0.00000E+00,    0.00000E+00,    0.00000E+00,    9.01686E+06]
  - [    0.00000E+00,    0.00000E+00,    6.28724E+09,   -2.30060E+09,   -5.31586E+07,    0.00000E+00]
  - [    0.00000E+00,    0.00000E+00,   -2.30060E+09,    4.50479E+09,    4.58939E+07,    0.00000E+00]
  - [    0.00000E+00,    0.00000E+00,   -5.31586E+07,    4.58939E+07,    1.03553E+09,    0.00000E+00]
  - [    1.28715E+08,    9.01686E+06,    0.00000E+00,    0.00000E+00,    0.00000E+00,    2.54269E+08]
Init_M_QP23: # 6 x 6
  - [    3.45932E+02,    0.00000E+00,    0.00000E+00,    0.00000E+00,    0.00000E+00,    1.19010E+02]
  - [    0.00000E+00,    3.45932E+02,    0.00000E+00,    0.00000E+00,    0.00000E+00,    3.90533E+00]
  - [    0.00000E+00,    0.00000E+00,    3.45932E+02,   -1.19010E+02,   -3.90533E+00,    0.00000E+00]
  - [    0.00000E+00,    0.00000E+00,   -1.19010E+02,    2.46813E+02,    2.89379E+00,    0.00000E+00]
  - [    0.00000E+00,    0.00000E+00,   -3.90533E+00,    2.89379E+00,    5.18479E+01,    0.00000E+00]
  - [    1.19010E+02,    3.90533E+00,    0.00000E+00,    0.00000E+00,    0.00000E+00,    2.98661E+02]
# Quadrature point number:   24
Init_K_QP24: # 6 x 6
  - [    1.85592E+08,   -1.60868E+06,    0.00000E+00,    0.00000E+00,    0.00000E+00,    1.00668E+08]
  - [   -1.60868E+06,    3.23303E+08,    0.00000E+00,    0.00000E+00,    0.00000E+00,    8.94233E+06]
  - [    0.00000E+00,    0.00000E+00,    5.85582E+09,   -1.98134E+09,   -6.47704E+07,    0.00000E+00]
  - [    0.00000E+00,    0.00000E+00,   -1.98134E+09,    3.52235E+09,    4.42516E+07,    0.00000E+00]
  - [    0.00000E+00,    0.00000E+00,   -6.47704E+07,    4.42516E+07,    7.67625E+08,    0.00000E+00]
  - [    1.00668E+08,    8.94233E+06,    0.00000E+00,    0.00000E+00,    0.00000E+00,    1.91948E+08]
Init_M_QP24: # 6 x 6
  - [    3.17212E+02,    0.00000E+00,    0.00000E+00,    0.00000E+00,    0.00000E+00,    1.01947E+02]
  - [    0.00000E+00,    3.17212E+02,    0.00000E+00,    0.00000E+00,    0.00000E+00,    4.23848E+00]
  - [    0.00000E+00,    0.00000E+00,    3.17212E+02,   -1.01947E+02,   -4.23848E+00,    0.00000E+00]
  - [    0.00000E+00,    0.00000E+00,   -1.01947E+02,    1.91383E+02,    2.66128E+00,    0.00000E+00]
  - [    0.00000E+00,    0.00000E+00,   -4.23848E+00,    2.66128E+00,    3.82272E+01,    0.00000E+00]
  - [    1.01947E+02,    4.23848E+00,    0.00000E+00,    0.00000E+00,    0.00000E+00,    2.29610E+02]
# Quadrature point number:   25
Init_K_QP25: # 6 x 6
